target_name	normalized_abundance
cpy:Cphy_0898|no_gene_symbols|XRE_family_transcriptional_regulator|no_ko_id|no_pathway_id|Evalue:5.3e-53|gene:000000001	33
coo:CCU_17310|no_gene_symbols|spermidine/putrescine_ABC_transporter_ATP-binding_subunit_(EC:3.6.3.31)|K11072|ABC_transporters|Evalue:4.5e-166|gene:000000002	44
eel:EUBELI_20562|no_gene_symbols|spermidine/putrescine_transport_system_permease_protein|K11071|ABC_transporters|Evalue:6.2e-74|gene:000000003	58
coo:CCU_17290|no_gene_symbols|ABC-type_spermidine/putrescine_transport_system_permease_component_II|no_ko_id|no_pathway_id|Evalue:1.2e-61|gene:000000004	54
coo:CCU_17280|no_gene_symbols|Spermidine/putrescine-binding_periplasmic_protein|K11069|ABC_transporters|Evalue:1.9e-119|gene:000000005	57
ctc:CTC00481|no_gene_symbols|mechanosensitive_ion-channel|no_ko_id|no_pathway_id|Evalue:2.0e-40|gene:000000006	63
bck:BCO26_1231|ynbB|aluminum_resistance_family_protein|no_ko_id|no_pathway_id|Evalue:6.2e-113|gene:000000007	45
cth:Cthe_0775|miaA|tRNA_delta(2)-isopentenylpyrophosphate_transferase_(EC:2.5.1.75)|K00791|Zeatin_biosynthesis;Metabolic_pathways;Biosynthesis_of_secondary_metabolites|Evalue:7.7e-68|gene:000000008	54
eel:EUBELI_00991|no_gene_symbols|DNA_mismatch_repair_protein_MutL|K03572|Mismatch_repair|Evalue:2.2e-107|gene:000000009	42
rix:RO1_14660|no_gene_symbols|DNA_mismatch_repair_protein_MutS|K03555|Mismatch_repair|Evalue:1.4e-239|gene:000000010	47
cpas:Clopa_2664|no_gene_symbols|tRNA-N(6)-(isopentenyl)adenosine-37_thiotransferase_enzyme_MiaB|K06168|no_pathway_id|Evalue:1.1e-120|gene:000000011	42
esu:EUS_09440|no_gene_symbols|NAD-dependent_protein_deacetylases_SIR2_family_(EC:3.5.1.-)|K12410|no_pathway_id|Evalue:1.0e-91|gene:000000012	39
chy:CHY_1635|no_gene_symbols|1A_family_penicillin-binding_protein|no_ko_id|no_pathway_id|Evalue:3.3e-93|gene:000000013	57
mas:Mahau_1694|no_gene_symbols|thiamine_biosynthesis/tRNA_modification_protein_ThiI|K03151|Thiamine_metabolism;Metabolic_pathways;Sulfur_relay_system|Evalue:3.9e-93|gene:000000014	61
ctx:Clo1313_1150|no_gene_symbols|cysteine_desulfurase_(EC:2.8.1.7)|K04487|Thiamine_metabolism;Sulfur_relay_system|Evalue:1.1e-55|gene:000000015	47
k127_7175|flag=0|multi=32.0040|len=41214_16|#|20220|#|20828|#|-1|#|ID=1_16;partial=00;start_type=ATG;rbs_motif=AGxAGG/AGGxGG;rbs_spacer=5-10bp;gc_cont=0.466|unknown:000000001	40
ova:OBV_45790|no_gene_symbols|carbamoyl-phosphate_synthase_large_chain/diaminopimelate_epimerase_(EC:5.1.1.7_6.3.5.5)|K01955|Pyrimidine_metabolism;Alanine,_aspartate,_and_glutamate_metabolism;Metabolic_pathways|Evalue:0.0e+00|gene:000000016	61
rbr:RBR_01360|no_gene_symbols|carbamoyl-phosphate_synthase_small_subunit_(EC:6.3.5.5)|K01956|Pyrimidine_metabolism;Alanine,_aspartate,_and_glutamate_metabolism;Metabolic_pathways|Evalue:1.1e-121|gene:000000017	44
ral:Rumal_2083|no_gene_symbols|ornithine_carbamoyltransferase_(EC:2.1.3.3)|K00611|Arginine_and_proline_metabolism;Metabolic_pathways;Biosynthesis_of_secondary_metabolites;Biosynthesis_of_amino_acids|Evalue:1.8e-125|gene:000000018	49
vpr:Vpar_1305|no_gene_symbols|acetylornithine_and_succinylornithine_aminotransferase|K00821|Lysine_biosynthesis;Arginine_and_proline_metabolism;Metabolic_pathways;Biosynthesis_of_secondary_metabolites;Microbial_metabolism_in_diverse_environments;2-Oxocarboxylic_acid_metabolism;Biosynthesis_of_amino_acids|Evalue:1.2e-113|gene:000000019	51
med:MELS_0854|no_gene_symbols|acetylglutamate_kinase|K00930|Arginine_and_proline_metabolism;Metabolic_pathways;Biosynthesis_of_secondary_metabolites;2-Oxocarboxylic_acid_metabolism;Biosynthesis_of_amino_acids|Evalue:3.2e-92|gene:000000020	47
eha:Ethha_0147|no_gene_symbols|arginine_biosynthesis_bifunctional_protein_ArgJ_(EC:2.3.1.1)|K00620|Arginine_and_proline_metabolism;Metabolic_pathways;Biosynthesis_of_secondary_metabolites;2-Oxocarboxylic_acid_metabolism;Biosynthesis_of_amino_acids|Evalue:4.4e-127|gene:000000021	51
tsu:Tresu_0494|no_gene_symbols|N-acetyl-gamma-glutamyl-phosphate_reductase_(EC:1.2.1.38)|K00145|Arginine_and_proline_metabolism;Metabolic_pathways;Biosynthesis_of_secondary_metabolites;2-Oxocarboxylic_acid_metabolism;Biosynthesis_of_amino_acids|Evalue:2.9e-99|gene:000000022	43
rch:RUM_23400|no_gene_symbols|argininosuccinate_synthase_(EC:6.3.4.5)|K01940|Alanine,_aspartate,_and_glutamate_metabolism;Arginine_and_proline_metabolism;Metabolic_pathways;Biosynthesis_of_secondary_metabolites;Biosynthesis_of_amino_acids|Evalue:4.1e-197|gene:000000023	52
k127_7175|flag=0|multi=32.0040|len=41214_25|#|32748|#|33221|#|-1|#|ID=1_25;partial=00;start_type=GTG;rbs_motif=AGGAG;rbs_spacer=5-10bp;gc_cont=0.458|unknown:000000002	36
elm:ELI_2267|no_gene_symbols|hypothetical_protein|no_ko_id|no_pathway_id|Evalue:2.4e-43|gene:000000024	31
css:Cst_c09810|no_gene_symbols|acyl-ACP_thioesterase|no_ko_id|no_pathway_id|Evalue:9.6e-21|gene:000000025	42
rho:RHOM_15855|no_gene_symbols|cell_wall_hydrolase/autolysin|K01448|no_pathway_id|Evalue:1.4e-32|gene:000000026	40
rbr:RBR_04380|no_gene_symbols|sulfide_dehydrogenase_(flavoprotein)_subunit_SudA_(EC:1.97.-.-_1.4.1.13_1.4.1.14)|K00266|Alanine,_aspartate,_and_glutamate_metabolism;Nitrogen_metabolism;Metabolic_pathways;Biosynthesis_of_secondary_metabolites;Microbial_metabolism_in_diverse_environments;Biosynthesis_of_amino_acids|Evalue:3.6e-194|gene:000000027	45
rbr:RBR_04390|no_gene_symbols|sulfide_dehydrogenase_(flavoprotein)_subunit_SudB_(EC:1.18.1.2_1.97.-.-)|K00528|no_pathway_id|Evalue:2.5e-113|gene:000000028	44
eel:EUBELI_01586|no_gene_symbols|hypothetical_protein|no_ko_id|no_pathway_id|Evalue:5.2e-90|gene:000000029	47
ecas:ECBG_00998|no_gene_symbols|CBS_domain-containing_protein|no_ko_id|no_pathway_id|Evalue:6.1e-20|gene:000000030	31
csc:Csac_2729|no_gene_symbols|nitrilase/cyanide_hydratase_and_apolipoprotein_N-acyltransferase|no_ko_id|no_pathway_id|Evalue:8.1e-06|gene:000000031	43
cno:NT01CX_1011|murC|UDP-N-acetylmuramate--L-alanine_ligase|K01924|D-Glutamine_and_D-glutamate_metabolism;Peptidoglycan_biosynthesis;Metabolic_pathways|Evalue:3.5e-70|gene:000000032	46
tsh:Tsac_1136|no_gene_symbols|hypothetical_protein|K06923|no_pathway_id|Evalue:1.3e-59|gene:000000033	45
esr:ES1_09850|no_gene_symbols|ketol-acid_reductoisomerase_(EC:1.1.1.86)|K00053|Valine,_leucine_and_isoleucine_biosynthesis;Pantothenate_and_CoA_biosynthesis;Metabolic_pathways;Biosynthesis_of_secondary_metabolites;2-Oxocarboxylic_acid_metabolism;Biosynthesis_of_amino_acids|Evalue:3.0e-140|gene:000000034	40
fpa:FPR_13510|no_gene_symbols|alpha-14-glucan:alpha-14-glucan_6-glycosyltransferase_(EC:2.4.1.18)|K00700|Starch_and_sucrose_metabolism;Metabolic_pathways;Biosynthesis_of_secondary_metabolites|Evalue:1.6e-219|gene:000000035	57
rch:RUM_06290|no_gene_symbols|glucose-1-phosphate_adenylyltransferase_(EC:2.7.7.27)|K00975|Starch_and_sucrose_metabolism;Amino_sugar_and_nucleotide_sugar_metabolism;Metabolic_pathways;Biosynthesis_of_secondary_metabolites|Evalue:2.2e-123|gene:000000036	50
bprs:CK3_33840|no_gene_symbols|glucose-1-phosphate_adenylyltransferase_GlgD_subunit_(EC:2.7.7.27)|K00975|Starch_and_sucrose_metabolism;Amino_sugar_and_nucleotide_sugar_metabolism;Metabolic_pathways;Biosynthesis_of_secondary_metabolites|Evalue:9.6e-97|gene:000000037	72
fpa:FPR_13470|no_gene_symbols|glycogen/starch_synthases_ADP-glucose_type_(EC:2.4.1.21)|K00703|Starch_and_sucrose_metabolism;Metabolic_pathways;Biosynthesis_of_secondary_metabolites|Evalue:5.2e-142|gene:000000038	50
eha:Ethha_1996|no_gene_symbols|glycogen/starch/alpha-glucan_phosphorylase|K00688|Starch_and_sucrose_metabolism;Metabolic_pathways;Biosynthesis_of_secondary_metabolites;Insulin_signaling_pathway|Evalue:1.4e-262|gene:000000039	53
eha:Ethha_1997|no_gene_symbols|alpha_amylase|no_ko_id|no_pathway_id|Evalue:3.6e-133|gene:000000040	49
rho:RHOM_07590|no_gene_symbols|phage_integrase_family_protein|no_ko_id|no_pathway_id|Evalue:7.7e-96|gene:000000041	37
rbr:RBR_20400|no_gene_symbols|GTP-binding_protein_HflX|K03665|no_pathway_id|Evalue:1.3e-83|gene:000000042	42
k127_29836|flag=0|multi=29.0451|len=30479_12|#|16987|#|17175|#|-1|#|ID=2_12;partial=00;start_type=ATG;rbs_motif=GGAG/GAGG;rbs_spacer=5-10bp;gc_cont=0.344|unknown:000000003	4
bts:Btus_1644|no_gene_symbols|LexA_family_transcriptional_repressor_(EC:3.4.21.88)|K01356|no_pathway_id|Evalue:2.7e-45|gene:000000043	61
toc:Toce_1148|no_gene_symbols|ribosomal_large_subunit_pseudouridine_synthase_B_(EC:5.4.99.-)|K06178|no_pathway_id|Evalue:2.7e-52|gene:000000044	35
csc:Csac_1845|no_gene_symbols|serine-type_D-Ala-D-Ala_carboxypeptidase_(EC:3.4.16.4)|K07258|Peptidoglycan_biosynthesis;Metabolic_pathways|Evalue:1.6e-61|gene:000000045	34
cbn:CbC4_1281|no_gene_symbols|Sporulation_protein_YtfJ|no_ko_id|no_pathway_id|Evalue:4.1e-15|gene:000000046	25
k127_29836|flag=0|multi=29.0451|len=30479_17|#|20174|#|20755|#|-1|#|ID=2_17;partial=00;start_type=ATG;rbs_motif=None;rbs_spacer=None;gc_cont=0.387|unknown:000000004	25
cso:CLS_30630|no_gene_symbols|segregation_and_condensation_protein_B|K06024|no_pathway_id|Evalue:2.2e-30|gene:000000047	42
cad:Curi_c14100|scpA|segregation_and_condensation_protein_A|K05896|no_pathway_id|Evalue:9.7e-35|gene:000000048	44
dte:Dester_0091|no_gene_symbols|peptidase_M50|no_ko_id|no_pathway_id|Evalue:9.1e-29|gene:000000049	35
ccl:Clocl_1481|no_gene_symbols|diaminopimelate_decarboxylase|K01586|Lysine_biosynthesis;Metabolic_pathways;Biosynthesis_of_secondary_metabolites;Microbial_metabolism_in_diverse_environments;Biosynthesis_of_amino_acids|Evalue:5.4e-131|gene:000000050	51
ppy:PPE_02808|no_gene_symbols|penicillin-binding_protein_dacF_precursor_(D-alanyl-D-alanine_carboxypeptidase)_(EC:3.4.16.4)|K07258|Peptidoglycan_biosynthesis;Metabolic_pathways|Evalue:4.6e-73|gene:000000051	43
k127_29836|flag=0|multi=29.0451|len=30479_23|#|25722|#|26225|#|-1|#|ID=2_23;partial=00;start_type=ATG;rbs_motif=None;rbs_spacer=None;gc_cont=0.456|unknown:000000005	38
cad:Curi_c13910|spoIVB|peptidase_(EC:3.4.21.116)|K06399|no_pathway_id|Evalue:1.8e-57|gene:000000052	43
clb:Clo1100_2236|no_gene_symbols|DNA_repair_protein_RecN|K03631|no_pathway_id|Evalue:1.0e-97|gene:000000053	40
ctc:CTC01572|argR|arginine_repressor_ArgR|K03402|no_pathway_id|Evalue:1.3e-31|gene:000000054	25
dak:DaAHT2_1073|no_gene_symbols|NAD(+)_kinase_(EC:2.7.1.23)|K00858|Nicotinate_and_nicotinamide_metabolism;Metabolic_pathways|Evalue:8.9e-34|gene:000000055	46
elm:ELI_0700|no_gene_symbols|hypothetical_protein|no_ko_id|no_pathway_id|Evalue:5.0e-29|gene:000000056	44
rch:RUM_18160|no_gene_symbols|EDD_domain_protein_DegV_family|no_ko_id|no_pathway_id|Evalue:2.4e-45|gene:000000057	39
arp:NIES39_J01270|no_gene_symbols|hypothetical_protein|no_ko_id|no_pathway_id|Evalue:4.4e-145|gene:000000058	46
cbe:Cbei_4453|no_gene_symbols|transketolase|K00615|Pentose_phosphate_pathway;Carbon_fixation_in_photosynthetic_organisms;Biosynthesis_of_ansamycins;Metabolic_pathways;Biosynthesis_of_secondary_metabolites;Microbial_metabolism_in_diverse_environments;Carbon_metabolism;Biosynthesis_of_amino_acids|Evalue:5.9e-230|gene:000000059	52
k127_30252|flag=0|multi=30.0000|len=12087_5|#|6900|#|7841|#|1|#|ID=3_5;partial=00;start_type=ATG;rbs_motif=None;rbs_spacer=None;gc_cont=0.458|unknown:000000006	53
k127_30252|flag=0|multi=30.0000|len=12087_6|#|8652|#|9467|#|-1|#|ID=3_6;partial=00;start_type=ATG;rbs_motif=GGAG/GAGG;rbs_spacer=5-10bp;gc_cont=0.373|unknown:000000007	50
chy:CHY_2201|no_gene_symbols|recombination_factor_protein_RarA|K07478|no_pathway_id|Evalue:9.9e-95|gene:000000060	69
k127_30252|flag=0|multi=30.0000|len=12087_8|#|11524|#|12087|#|-1|#|ID=3_8;partial=01;start_type=Edge;rbs_motif=None;rbs_spacer=None;gc_cont=0.470|unknown:000000008	83
clo:HMPREF0868_1039|no_gene_symbols|cold-shock_DNA-binding_domain-containing_protein|K03704|no_pathway_id|Evalue:7.9e-24|gene:000000061	10
eha:Ethha_1976|no_gene_symbols|Heat_shock_protein_Hsp90-like_protein|K04079|Protein_processing_in_endoplasmic_reticulum;PI3K-Akt_signaling_pathway;Antigen_processing_and_presentation;NOD-like_receptor_signaling_pathway;Plant-pathogen_interaction;Progesterone-mediated_oocyte_maturation;Estrogen_signaling_pathway;Pathways_in_cancer;Prostate_cancer|Evalue:2.6e-176|gene:000000062	40
cce:Ccel_1728|no_gene_symbols|4-hydroxy-3-methylbut-2-enyl_diphosphate_reductase|K03527|Terpenoid_backbone_biosynthesis;Metabolic_pathways;Biosynthesis_of_secondary_metabolites|Evalue:9.8e-119|gene:000000063	30
awo:Awo_c09750|no_gene_symbols|1-acyl-sn-glycerol-3-phosphate_acyltransferase_(EC:2.3.1.51)|K00655|Glycerolipid_metabolism;Glycerophospholipid_metabolism;Metabolic_pathways|Evalue:6.4e-20|gene:000000064	35
toc:Toce_1154|no_gene_symbols|cytidylate_kinase|K00945|Pyrimidine_metabolism;Metabolic_pathways|Evalue:4.8e-63|gene:000000065	40
bprs:CK3_32170|no_gene_symbols|conserved_hypothetical_protein_TIGR00275|K07007|no_pathway_id|Evalue:5.2e-104|gene:000000066	42
ddh:Desde_2446|no_gene_symbols|3'-nucleotidase_(EC:3.1.3.5_3.1.3.6_3.6.1.11)|K03787|Purine_metabolism;Pyrimidine_metabolism;Nicotinate_and_nicotinamide_metabolism;Metabolic_pathways;Biosynthesis_of_secondary_metabolites|Evalue:4.7e-31|gene:000000067	39
ctx:Clo1313_1523|no_gene_symbols|carboxylase|K01571|Arginine_and_proline_metabolism;Pyruvate_metabolism;Metabolic_pathways|Evalue:2.1e-157|gene:000000068	57
mas:Mahau_0965|no_gene_symbols|glutaconyl-CoA_decarboxylase_subunit_beta_(EC:4.1.1.70)|K01572|Arginine_and_proline_metabolism;Pyruvate_metabolism;Metabolic_pathways|Evalue:2.3e-120|gene:000000069	51
rch:RUM_13650|no_gene_symbols|Acetyl/propionyl-CoA_carboxylase_alpha_subunit_(EC:4.1.1.41)|no_ko_id|no_pathway_id|Evalue:1.2e-11|gene:000000070	24
k127_51264|flag=0|multi=26.0653|len=15882_12|#|11527|#|11856|#|-1|#|ID=4_12;partial=00;start_type=ATG;rbs_motif=GGAG/GAGG;rbs_spacer=5-10bp;gc_cont=0.503|unknown:000000009	21
cts:Ctha_2532|no_gene_symbols|carboxyl_transferase|no_ko_id|no_pathway_id|Evalue:3.7e-42|gene:000000071	44
awo:Awo_c01040|no_gene_symbols|hypothetical_protein|no_ko_id|no_pathway_id|Evalue:2.4e-17|gene:000000072	38
cts:Ctha_1323|no_gene_symbols|ribonuclease_H|K03469|DNA_replication|Evalue:1.7e-55|gene:000000073	39
has:Halsa_1858|no_gene_symbols|pyrroline-5-carboxylate_reductase_(EC:1.5.1.2)|K00286|Arginine_and_proline_metabolism;Metabolic_pathways;Biosynthesis_of_secondary_metabolites;Biosynthesis_of_amino_acids|Evalue:9.9e-35|gene:000000074	21
dca:Desca_2295|no_gene_symbols|recombinase|no_ko_id|no_pathway_id|Evalue:2.6e-28|gene:000000075	97
pjd:Pjdr2_1160|no_gene_symbols|binding-protein-dependent_transport_system_inner_membrane_protein|K17319|ABC_transporters|Evalue:8.8e-86|gene:000000076	62
csd:Clst_0806|no_gene_symbols|ABC_transporter_permease_subunit|K17320|ABC_transporters|Evalue:3.3e-60|gene:000000077	47
pjd:Pjdr2_1162|no_gene_symbols|extracellular_solute-binding_protein|K02027|no_pathway_id|Evalue:1.2e-64|gene:000000078	60
k127_143531|flag=0|multi=31.0308|len=41580_5|#|4476|#|7685|#|1|#|ID=5_5;partial=00;start_type=ATG;rbs_motif=AGGAG;rbs_spacer=5-10bp;gc_cont=0.523|unknown:000000010	62
k127_143531|flag=0|multi=31.0308|len=41580_6|#|7682|#|8260|#|1|#|ID=5_6;partial=00;start_type=ATG;rbs_motif=AGGAG;rbs_spacer=5-10bp;gc_cont=0.534|unknown:000000011	49
bpb:bpr_I2883|aga36B|alpha-galactosidase|K07407|Galactose_metabolism;Glycerolipid_metabolism;Sphingolipid_metabolism;Glycosphingolipid_biosynthesis-globo_series|Evalue:1.3e-99|gene:000000079	54
pms:KNP414_06158|no_gene_symbols|glycoside_hydrolase|no_ko_id|no_pathway_id|Evalue:1.5e-78|gene:000000080	46
kfl:Kfla_4171|no_gene_symbols|glycoside_hydrolase_family_39|no_ko_id|no_pathway_id|Evalue:5.5e-34|gene:000000081	66
tco:Theco_1505|no_gene_symbols|DNA-binding_domain-containing_protein|no_ko_id|no_pathway_id|Evalue:9.4e-24|gene:000000082	53
ppo:PPM_3346|ylmC|hypothetical_protein|no_ko_id|no_pathway_id|Evalue:2.5e-10|gene:000000083	25
tte:TTE0831|DapB|dihydrodipicolinate_reductase_(EC:1.3.1.26)|K00215|Lysine_biosynthesis;Metabolic_pathways;Biosynthesis_of_secondary_metabolites;Microbial_metabolism_in_diverse_environments;Biosynthesis_of_amino_acids|Evalue:6.8e-70|gene:000000084	40
mas:Mahau_0734|no_gene_symbols|dihydrodipicolinate_synthase_(EC:4.2.1.52)|K01714|Lysine_biosynthesis;Metabolic_pathways;Biosynthesis_of_secondary_metabolites;Microbial_metabolism_in_diverse_environments;Biosynthesis_of_amino_acids|Evalue:1.8e-85|gene:000000085	68
fpa:FPR_30550|no_gene_symbols|aspartate_semialdehyde_dehydrogenase_(EC:1.2.1.11)|K00133|Glycine,_serine,_and_threonine_metabolism;Cysteine_and_methionine_metabolism;Lysine_biosynthesis;Metabolic_pathways;Biosynthesis_of_secondary_metabolites;Microbial_metabolism_in_diverse_environments;2-Oxocarboxylic_acid_metabolism;Biosynthesis_of_amino_acids|Evalue:2.1e-152|gene:000000086	49
k127_143531|flag=0|multi=31.0308|len=41580_15|#|18407|#|19714|#|1|#|ID=5_15;partial=00;start_type=ATG;rbs_motif=GGAG/GAGG;rbs_spacer=5-10bp;gc_cont=0.541|unknown:000000012	50
ctx:Clo1313_2547|no_gene_symbols|type_11_methyltransferase|no_ko_id|no_pathway_id|Evalue:3.2e-24|gene:000000087	53
bcy:Bcer98_0062|hslO|Hsp33-like_chaperonin|K04083|no_pathway_id|Evalue:1.3e-29|gene:000000088	33
tco:Theco_3501|no_gene_symbols|hypothetical_protein|no_ko_id|no_pathway_id|Evalue:9.7e-08|gene:000000089	36
k127_143531|flag=0|multi=31.0308|len=41580_19|#|23022|#|23867|#|1|#|ID=5_19;partial=00;start_type=ATG;rbs_motif=GGA/GAG/AGG;rbs_spacer=5-10bp;gc_cont=0.517|unknown:000000013	32
tte:TTE1616|no_gene_symbols|stage_IV_sporulation_protein_A|K06398|no_pathway_id|Evalue:7.1e-124|gene:000000090	41
drt:Dret_2046|rplO|50S_ribosomal_protein_L15|K02876|Ribosome|Evalue:8.8e-04|gene:000000091	33
cbe:Cbei_4452|no_gene_symbols|carbohydrate_kinase_FGGY|no_ko_id|no_pathway_id|Evalue:4.8e-214|gene:000000092	58
bpb:bpr_I2814|araD|L-ribulose-5-phosphate_4-epimerase_(EC:5.1.3.4)|K01786|Pentose_and_glucuronate_interconversions;Metabolic_pathways|Evalue:2.8e-86|gene:000000093	51
esr:ES1_23430|no_gene_symbols|L-arabinose_isomerase_(EC:5.3.1.4)|K01804|Pentose_and_glucuronate_interconversions;Metabolic_pathways|Evalue:7.5e-150|gene:000000094	51
bpb:bpr_I2883|aga36B|alpha-galactosidase|K07407|Galactose_metabolism;Glycerolipid_metabolism;Sphingolipid_metabolism;Glycosphingolipid_biosynthesis-globo_series|Evalue:5.7e-119|gene:000000095	47
bpb:bpr_I0191|galU|UTP-glucose-1-phosphate_uridylyltransferase_(EC:2.7.7.9)|K00972|Amino_sugar_and_nucleotide_sugar_metabolism;Metabolic_pathways;Biosynthesis_of_secondary_metabolites|Evalue:2.4e-133|gene:000000096	45
k127_143531|flag=0|multi=31.0308|len=41580_27|#|34844|#|35200|#|1|#|ID=5_27;partial=00;start_type=ATG;rbs_motif=GGAG/GAGG;rbs_spacer=5-10bp;gc_cont=0.538|unknown:000000014	24
cby:CLM_0494|no_gene_symbols|metallo-beta-lactamase_family_protein|K02238|no_pathway_id|Evalue:5.7e-23|gene:000000097	56
bpb:bpr_I1974|gh31C|glycoside_hydrolase_31_(EC:3.2.1.-)|K01811|no_pathway_id|Evalue:2.5e-217|gene:000000098	45
ccb:Clocel_1438|no_gene_symbols|hypothetical_protein|no_ko_id|no_pathway_id|Evalue:1.3e-04|gene:000000099	5
ccb:Clocel_1438|no_gene_symbols|hypothetical_protein|no_ko_id|no_pathway_id|Evalue:7.5e-38|gene:000000100	26
ccl:Clocl_1751|no_gene_symbols|hypothetical_protein|no_ko_id|no_pathway_id|Evalue:7.3e-28|gene:000000101	47
sta:STHERM_c18100|no_gene_symbols|estradiol_17-beta-dehydrogenase_12_(EC:1.1.1.62)|K07124|no_pathway_id|Evalue:1.5e-22|gene:000000102	36
k127_204747|flag=0|multi=32.0662|len=14929_1|#|1|#|123|#|1|#|ID=6_1;partial=10;start_type=Edge;rbs_motif=None;rbs_spacer=None;gc_cont=0.488|unknown:000000015	3
k127_204747|flag=0|multi=32.0662|len=14929_2|#|560|#|1030|#|-1|#|ID=6_2;partial=00;start_type=ATG;rbs_motif=None;rbs_spacer=None;gc_cont=0.382|unknown:000000016	35
ccb:Clocel_1405|no_gene_symbols|aconitate_hydratase_domain-containing_protein|K01681|Citrate_cycle(TCA_cycle);Glyoxylate_and_dicarboxylate_metabolism;Carbon_fixation_pathways_in_prokaryotes;Metabolic_pathways;Biosynthesis_of_secondary_metabolites;Microbial_metabolism_in_diverse_environments;Carbon_metabolism;2-Oxocarboxylic_acid_metabolism;Biosynthesis_of_amino_acids|Evalue:5.5e-261|gene:000000103	53
elm:ELI_0701|no_gene_symbols|hypothetical_protein|K03744|no_pathway_id|Evalue:1.2e-53|gene:000000104	50
elm:ELI_0700|no_gene_symbols|hypothetical_protein|no_ko_id|no_pathway_id|Evalue:6.9e-34|gene:000000105	58
sth:STH1195|no_gene_symbols|glycerol_kinase|K00864|Glycerolipid_metabolism;Metabolic_pathways;PPAR_signaling_pathway;Plant-pathogen_interaction|Evalue:5.1e-138|gene:000000106	52
cst:CLOST_0472|glmU|fused_N-acetyl_glucosamine-1-phosphate_uridyltransferase|K04042|Amino_sugar_and_nucleotide_sugar_metabolism;Metabolic_pathways;Biosynthesis_of_secondary_metabolites|Evalue:5.3e-31|gene:000000107	36
bprs:CK3_03400|no_gene_symbols|phosphoglucosamine_mutase_(EC:5.4.2.10)|K03431|Amino_sugar_and_nucleotide_sugar_metabolism;Metabolic_pathways|Evalue:6.0e-149|gene:000000108	46
gym:GYMC10_5698|no_gene_symbols|glucosamine/fructose-6-phosphate_aminotransferase|K00820|Alanine,_aspartate,_and_glutamate_metabolism;Amino_sugar_and_nucleotide_sugar_metabolism;Metabolic_pathways;Biosynthesis_of_secondary_metabolites|Evalue:1.5e-144|gene:000000109	42
k127_204747|flag=0|multi=32.0662|len=14929_10|#|12513|#|14927|#|1|#|ID=6_10;partial=01;start_type=ATG;rbs_motif=GGA/GAG/AGG;rbs_spacer=5-10bp;gc_cont=0.463|unknown:000000017	70
k127_346825|flag=0|multi=31.6743|len=44099_1|#|696|#|6305|#|1|#|ID=7_1;partial=00;start_type=ATG;rbs_motif=GGA/GAG/AGG;rbs_spacer=11-12bp;gc_cont=0.526|unknown:000000018	64
elm:ELI_4347|no_gene_symbols|degV_family_protein|no_ko_id|no_pathway_id|Evalue:2.2e-57|gene:000000110	42
chy:CHY_1650|polA|DNA_polymerase_I_(EC:2.7.7.7)|K02335|Purine_metabolism;Pyrimidine_metabolism;Metabolic_pathways;DNA_replication;Base_excision_repair;Nucleotide_excision_repair;Homologous_recombination|Evalue:3.2e-188|gene:000000111	47
tsc:TSC_c09460|coaE|dephospho-CoA_kinase_(EC:2.7.1.24)|K00859|Pantothenate_and_CoA_biosynthesis;Metabolic_pathways|Evalue:4.8e-26|gene:000000112	28
fma:FMG_0345|no_gene_symbols|soluble_lytic_murein_transglycosylase|K08309|no_pathway_id|Evalue:4.7e-27|gene:000000113	28
gym:GYMC10_4782|no_gene_symbols|ArsR_family_transcriptional_regulator|no_ko_id|no_pathway_id|Evalue:1.9e-69|gene:000000114	61
pta:HPL003_17290|no_gene_symbols|sugar_ABC_transporter_periplasmic_protein|no_ko_id|no_pathway_id|Evalue:5.2e-42|gene:000000115	51
csc:Csac_1558|no_gene_symbols|binding-protein-dependent_transport_systems_inner_membrane_component|K02025|no_pathway_id|Evalue:1.5e-45|gene:000000116	48
ppo:PPM_1763|ugpE3|sn-glycerol-3-phosphate_transport_system_permease_protein_UgpE|no_ko_id|no_pathway_id|Evalue:2.2e-59|gene:000000117	53
aau:AAur_pTC20128|no_gene_symbols|hypothetical_protein|no_ko_id|no_pathway_id|Evalue:2.7e-05|gene:000000118	58
pjd:Pjdr2_5014|no_gene_symbols|glycoside_hydrolase|no_ko_id|no_pathway_id|Evalue:1.6e-107|gene:000000119	63
gym:GYMC10_3559|no_gene_symbols|glycoside_hydrolase_family_protein|no_ko_id|no_pathway_id|Evalue:2.7e-88|gene:000000120	47
csh:Closa_1541|no_gene_symbols|glycoside_hydrolase|no_ko_id|no_pathway_id|Evalue:3.6e-159|gene:000000121	60
ljf:FI9785_878|no_gene_symbols|hypothetical_protein|no_ko_id|no_pathway_id|Evalue:5.6e-40|gene:000000122	43
dec:DCF50_p2455|no_gene_symbols|Isochorismatase_(EC:3.3.2.1)|no_ko_id|no_pathway_id|Evalue:9.2e-60|gene:000000123	44
k127_346825|flag=0|multi=31.6743|len=44099_16|#|29345|#|30277|#|1|#|ID=7_16;partial=00;start_type=ATG;rbs_motif=AGxAGG/AGGxGG;rbs_spacer=5-10bp;gc_cont=0.451|unknown:000000019	58
cpy:Cphy_1818|no_gene_symbols|ribokinase-like_domain-containing_protein|K00852|Pentose_phosphate_pathway|Evalue:6.0e-57|gene:000000124	43
csb:CLSA_c32560|no_gene_symbols|extracellular_exo-alpha-L-arabinofuranosidase_(EC:3.2.1.55)|no_ko_id|no_pathway_id|Evalue:7.7e-121|gene:000000125	63
cct:CC1_01020|no_gene_symbols|stage_III_sporulation_protein_AA|K06390|no_pathway_id|Evalue:4.0e-37|gene:000000126	48
k127_346825|flag=0|multi=31.6743|len=44099_20|#|35056|#|35523|#|1|#|ID=7_20;partial=00;start_type=ATG;rbs_motif=3Base/5BMM;rbs_spacer=13-15bp;gc_cont=0.468|unknown:000000020	25
ral:Rumal_1729|no_gene_symbols|stage_III_sporulation_protein_AC|K06392|no_pathway_id|Evalue:2.1e-10|gene:000000127	7
pms:KNP414_02666|spoIIIAD|protein_SpoIIIAD|K06393|no_pathway_id|Evalue:2.3e-16|gene:000000128	20
txy:Thexy_1179|no_gene_symbols|stage_III_sporulation_protein_AE|K06394|no_pathway_id|Evalue:8.2e-33|gene:000000129	44
k127_346825|flag=0|multi=31.6743|len=44099_24|#|37335|#|37790|#|1|#|ID=7_24;partial=00;start_type=ATG;rbs_motif=GGxGG;rbs_spacer=5-10bp;gc_cont=0.504|unknown:000000021	32
k127_346825|flag=0|multi=31.6743|len=44099_25|#|37787|#|38149|#|1|#|ID=7_25;partial=00;start_type=ATG;rbs_motif=GGAGG;rbs_spacer=3-4bp;gc_cont=0.573|unknown:000000022	24
afl:Aflv_0939|spoIIIAH|stage_III_sporulation_protein_AH|K06397|no_pathway_id|Evalue:5.5e-04|gene:000000130	37
bha:BH2786|no_gene_symbols|hypothetical_protein|no_ko_id|no_pathway_id|Evalue:1.6e-09|gene:000000131	25
fma:FMG_0843|no_gene_symbols|transcription_terminator|K03625|no_pathway_id|Evalue:1.5e-12|gene:000000132	25
css:Cst_c14650|folD|bifunctional_510-methylenetetrahydrofolate_dehydrogenase_(NADP+)/methenyltetrahydrofolate_cyclohydrolase_FolD_(EC:1.5.1.5_3.5.4.9)|K01491|One_carbon_pool_by_folate;Carbon_fixation_pathways_in_prokaryotes;Metabolic_pathways;Microbial_metabolism_in_diverse_environments;Carbon_metabolism|Evalue:1.1e-87|gene:000000133	44
cbo:CBO1883|ispA|geranyltranstransferase_(EC:2.5.1.10)|K13789|Terpenoid_backbone_biosynthesis;Metabolic_pathways;Biosynthesis_of_secondary_metabolites|Evalue:1.8e-58|gene:000000134	26
cbi:CLJ_B2068|dxs|1-deoxy-D-xylulose-5-phosphate_synthase_(EC:2.2.1.7)|K01662|Thiamine_metabolism;Terpenoid_backbone_biosynthesis;Metabolic_pathways;Biosynthesis_of_secondary_metabolites|Evalue:6.0e-138|gene:000000135	49
taf:THA_1188|no_gene_symbols|hemolysin_A|K06442|no_pathway_id|Evalue:1.0e-44|gene:000000136	21
coo:CCU_08410|no_gene_symbols|Predicted_transcriptional_regulators|no_ko_id|no_pathway_id|Evalue:3.2e-19|gene:000000137	38
mas:Mahau_1579|no_gene_symbols|RNA_polymerase_sigma_subunit_RpsG/SigG|K03091|no_pathway_id|Evalue:9.7e-80|gene:000000138	38
thx:Thet_0936|no_gene_symbols|FliA/WhiG_subfamily_RNA_polymerase_sigma-28_subunit|K03091|no_pathway_id|Evalue:3.9e-75|gene:000000139	50
k127_361777|flag=0|multi=32.0051|len=47726_4|#|1890|#|2729|#|-1|#|ID=8_4;partial=00;start_type=ATG;rbs_motif=GGxGG;rbs_spacer=3-4bp;gc_cont=0.537|unknown:000000023	41
bbe:BBR47_05150|gcp|O-sialoglycoprotein_endopeptidase_(EC:3.4.24.57)|K01409|no_pathway_id|Evalue:4.5e-88|gene:000000140	43
cob:COB47_1880|no_gene_symbols|hypothetical_protein|K02836|no_pathway_id|Evalue:4.7e-104|gene:000000141	43
csd:Clst_0638|secA|SecA|K03070|Protein_export;Bacterial_secretion_system|Evalue:1.2e-284|gene:000000142	47
scg:SCI_0765|birA|biotin--protein_ligase_(EC:6.3.4.15)|K03524|Biotin_metabolism;Metabolic_pathways|Evalue:4.5e-17|gene:000000143	36
adg:Adeg_1109|no_gene_symbols|deoxyribose-phosphate_aldolase_(EC:4.1.2.4)|K01619|Pentose_phosphate_pathway|Evalue:1.6e-08|gene:000000144	26
k127_361777|flag=0|multi=32.0051|len=47726_10|#|10176|#|10427|#|1|#|ID=8_10;partial=00;start_type=ATG;rbs_motif=None;rbs_spacer=None;gc_cont=0.472|unknown:000000024	22
bfi:CIY_01280|no_gene_symbols|Dihydrofolate_reductase_(EC:1.5.1.3)|K00287|One_carbon_pool_by_folate;Folate_biosynthesis;Metabolic_pathways|Evalue:1.1e-36|gene:000000145	58
ova:OBV_13640|thyA|thymidylate_synthase_(EC:2.1.1.45)|K00560|Pyrimidine_metabolism;One_carbon_pool_by_folate;Metabolic_pathways|Evalue:4.8e-125|gene:000000146	64
eel:EUBELI_20357|no_gene_symbols|glutamyl-tRNA_synthetase|K01885|Porphyrin_and_chlorophyll_metabolism;Aminoacyl-tRNA_biosynthesis;Metabolic_pathways;Biosynthesis_of_secondary_metabolites|Evalue:1.9e-181|gene:000000147	51
rch:RUM_04070|no_gene_symbols|Fructose-26-bisphosphatase_(EC:5.4.2.1)|K15634|Glycolysis/Gluconeogenesis;Glycine,_serine,_and_threonine_metabolism;Methane_metabolism;Metabolic_pathways;Biosynthesis_of_secondary_metabolites;Microbial_metabolism_in_diverse_environments;Carbon_metabolism;Biosynthesis_of_amino_acids|Evalue:4.6e-68|gene:000000148	35
sbu:SpiBuddy_2571|no_gene_symbols|2-dehydropantoate_2-reductase_(EC:1.1.1.169)|K00077|Pantothenate_and_CoA_biosynthesis;Metabolic_pathways;Biosynthesis_of_secondary_metabolites|Evalue:5.5e-59|gene:000000149	43
bfi:CIY_08850|no_gene_symbols|Shikimate_kinase_(EC:2.7.1.71)|K00891|Phenylalanine,_tyrosine,_and_tryptophan_biosynthesis;Metabolic_pathways;Biosynthesis_of_secondary_metabolites;Biosynthesis_of_amino_acids|Evalue:1.8e-42|gene:000000150	42
k127_361777|flag=0|multi=32.0051|len=47726_17|#|16320|#|16769|#|1|#|ID=8_17;partial=00;start_type=ATG;rbs_motif=AGGAG;rbs_spacer=5-10bp;gc_cont=0.422|unknown:000000025	35
k127_361777|flag=0|multi=32.0051|len=47726_18|#|16908|#|17228|#|1|#|ID=8_18;partial=00;start_type=ATG;rbs_motif=AGGA;rbs_spacer=5-10bp;gc_cont=0.474|unknown:000000026	24
cba:CLB_0273|rnr|ribonuclease_R|K12573|RNA_degradation|Evalue:2.0e-156|gene:000000151	48
cct:CC1_18690|no_gene_symbols|SsrA-binding_protein|K03664|no_pathway_id|Evalue:5.0e-36|gene:000000152	20
cpy:Cphy_2760|no_gene_symbols|O-acetylhomoserine/O-acetylserine_sulfhydrylase_(EC:2.5.1.49)|K01740|Cysteine_and_methionine_metabolism;Metabolic_pathways|Evalue:1.1e-125|gene:000000153	46
cac:CA_C1825|metB|homoserine_O-succinyltransferase_(EC:2.3.1.46)|K00651|Cysteine_and_methionine_metabolism;Sulfur_metabolism;Metabolic_pathways;Biosynthesis_of_secondary_metabolites;Biosynthesis_of_amino_acids|Evalue:1.3e-86|gene:000000154	54
cth:Cthe_0122|no_gene_symbols|SpoVA_protein|K06405|no_pathway_id|Evalue:2.1e-35|gene:000000155	41
k127_361777|flag=0|multi=32.0051|len=47726_24|#|23120|#|23611|#|-1|#|ID=8_24;partial=00;start_type=GTG;rbs_motif=AGGAG;rbs_spacer=5-10bp;gc_cont=0.518|unknown:000000027	44
k127_361777|flag=0|multi=32.0051|len=47726_25|#|23613|#|24893|#|-1|#|ID=8_25;partial=00;start_type=ATG;rbs_motif=GGA/GAG/AGG;rbs_spacer=5-10bp;gc_cont=0.557|unknown:000000028	46
k127_361777|flag=0|multi=32.0051|len=47726_26|#|24883|#|25230|#|-1|#|ID=8_26;partial=00;start_type=ATG;rbs_motif=AGGAG;rbs_spacer=5-10bp;gc_cont=0.471|unknown:000000029	20
k127_361777|flag=0|multi=32.0051|len=47726_27|#|25227|#|25781|#|-1|#|ID=8_27;partial=00;start_type=ATG;rbs_motif=GGAGG;rbs_spacer=5-10bp;gc_cont=0.541|unknown:000000030	28
k127_361777|flag=0|multi=32.0051|len=47726_28|#|25843|#|26994|#|-1|#|ID=8_28;partial=00;start_type=ATG;rbs_motif=AGGAG;rbs_spacer=5-10bp;gc_cont=0.544|unknown:000000031	50
k127_361777|flag=0|multi=32.0051|len=47726_29|#|27007|#|27432|#|-1|#|ID=8_29;partial=00;start_type=ATG;rbs_motif=AGGAG;rbs_spacer=5-10bp;gc_cont=0.592|unknown:000000032	21
amc:MADE_1014610|no_gene_symbols|hypothetical_protein|no_ko_id|no_pathway_id|Evalue:7.1e-04|gene:000000156	42
k127_361777|flag=0|multi=32.0051|len=47726_31|#|29270|#|29530|#|-1|#|ID=8_31;partial=00;start_type=GTG;rbs_motif=GGxGG;rbs_spacer=5-10bp;gc_cont=0.483|unknown:000000033	18
rhi:NGR_c19040|gp2|DNA_packaging_protein_Gp2|no_ko_id|no_pathway_id|Evalue:1.7e-32|gene:000000157	51
k127_361777|flag=0|multi=32.0051|len=47726_33|#|31328|#|32062|#|1|#|ID=8_33;partial=00;start_type=ATG;rbs_motif=None;rbs_spacer=None;gc_cont=0.518|unknown:000000034	49
k127_361777|flag=0|multi=32.0051|len=47726_34|#|31870|#|32571|#|-1|#|ID=8_34;partial=00;start_type=ATG;rbs_motif=GGA/GAG/AGG;rbs_spacer=5-10bp;gc_cont=0.503|unknown:000000035	54
k127_361777|flag=0|multi=32.0051|len=47726_35|#|32736|#|35282|#|1|#|ID=8_35;partial=00;start_type=ATG;rbs_motif=None;rbs_spacer=None;gc_cont=0.537|unknown:000000036	63
ccb:Clocel_1241|no_gene_symbols|alpha-N-arabinofuranosidase_(EC:3.2.1.55)|no_ko_id|no_pathway_id|Evalue:2.8e-119|gene:000000158	57
aur:HMPREF9243_0318|no_gene_symbols|putative_cytidine/uridine-specific_hydrolase|K12700|no_pathway_id|Evalue:4.6e-08|gene:000000159	41
csr:Cspa_c48630|no_gene_symbols|ABC-type_multidrug_transport_system_ATPase_and_permease_component|K06147|no_pathway_id|Evalue:4.8e-90|gene:000000160	50
csr:Cspa_c48640|no_gene_symbols|ABC-type_multidrug_transport_system_ATPase_and_permease_component|no_ko_id|no_pathway_id|Evalue:4.4e-83|gene:000000161	44
ral:Rumal_2641|no_gene_symbols|asparaginyl-tRNA_synthetase|K01893|Aminoacyl-tRNA_biosynthesis|Evalue:4.3e-171|gene:000000162	55
css:Cst_c02160|no_gene_symbols|putative_PHP_domain_protein|K07053|no_pathway_id|Evalue:4.1e-58|gene:000000163	63
awo:Awo_c10890|proS|prolyl-tRNA_synthetase_ProS_(EC:6.1.1.15)|K01881|Aminoacyl-tRNA_biosynthesis|Evalue:1.1e-158|gene:000000164	45
k127_361777|flag=0|multi=32.0051|len=47726_43|#|45969|#|46709|#|-1|#|ID=8_43;partial=00;start_type=ATG;rbs_motif=GGxGG;rbs_spacer=3-4bp;gc_cont=0.487|unknown:000000037	49
k127_361777|flag=0|multi=32.0051|len=47726_44|#|46944|#|47396|#|-1|#|ID=8_44;partial=00;start_type=ATG;rbs_motif=AGGA/GGAG/GAGG;rbs_spacer=11-12bp;gc_cont=0.475|unknown:000000038	34
k127_382742|flag=0|multi=31.4544|len=101591_1|#|3|#|977|#|1|#|ID=9_1;partial=10;start_type=Edge;rbs_motif=None;rbs_spacer=None;gc_cont=0.561|unknown:000000039	81
aad:TC41_0788|yesN|two_component_transcriptional_regulator_AraC_family|no_ko_id|no_pathway_id|Evalue:1.1e-11|gene:000000165	48
cfi:Celf_0902|no_gene_symbols|family_1_extracellular_solute-binding_protein|no_ko_id|no_pathway_id|Evalue:2.8e-10|gene:000000166	58
bha:BH1865|no_gene_symbols|sugar_transporter_permease|K02025|no_pathway_id|Evalue:6.3e-57|gene:000000167	71
pmw:B2K_24420|no_gene_symbols|sugar_ABC_transporter_permease|no_ko_id|no_pathway_id|Evalue:1.4e-50|gene:000000168	53
evi:Echvi_2759|no_gene_symbols|beta-xylosidase|no_ko_id|no_pathway_id|Evalue:4.3e-16|gene:000000169	70
k127_382742|flag=0|multi=31.4544|len=101591_7|#|7753|#|12918|#|1|#|ID=9_7;partial=00;start_type=ATG;rbs_motif=AGxAGG/AGGxGG;rbs_spacer=5-10bp;gc_cont=0.537|unknown:000000040	59
pms:KNP414_06158|no_gene_symbols|glycoside_hydrolase|no_ko_id|no_pathway_id|Evalue:2.4e-55|gene:000000170	48
k127_382742|flag=0|multi=31.4544|len=101591_9|#|13868|#|15187|#|1|#|ID=9_9;partial=00;start_type=ATG;rbs_motif=GGAG/GAGG;rbs_spacer=5-10bp;gc_cont=0.514|unknown:000000041	47
k127_382742|flag=0|multi=31.4544|len=101591_10|#|15329|#|15883|#|-1|#|ID=9_10;partial=00;start_type=ATG;rbs_motif=GGAG/GAGG;rbs_spacer=5-10bp;gc_cont=0.348|unknown:000000042	69
ccb:Clocel_3691|no_gene_symbols|aldo/keto_reductase|no_ko_id|no_pathway_id|Evalue:5.2e-131|gene:000000171	36
bpb:bpr_III215|no_gene_symbols|Na+/H+_antiporter|no_ko_id|no_pathway_id|Evalue:3.4e-78|gene:000000172	46
rim:ROI_10250|no_gene_symbols|hypothetical_protein|K11145|no_pathway_id|Evalue:7.4e-23|gene:000000173	32
cay:CEA_G3158|no_gene_symbols|RRNA_methylase|K03218|no_pathway_id|Evalue:1.1e-53|gene:000000174	35
csd:Clst_2577|no_gene_symbols|RNA_polymerase_sigma_factor|K03091|no_pathway_id|Evalue:2.8e-39|gene:000000175	34
cls:CXIVA_09270|no_gene_symbols|hypothetical_protein|K02343|Purine_metabolism;Pyrimidine_metabolism;Metabolic_pathways;DNA_replication;Mismatch_repair;Homologous_recombination|Evalue:5.4e-99|gene:000000176	49
nth:Nther_0016|no_gene_symbols|hypothetical_protein|K09747|no_pathway_id|Evalue:2.3e-09|gene:000000177	19
tex:Teth514_0035|recR|recombination_protein_RecR|K06187|Homologous_recombination|Evalue:3.3e-53|gene:000000178	46
rbr:RBR_14810|no_gene_symbols|Glycerol-3-phosphate_dehydrogenase_(EC:1.1.1.94)|K00057|Glycerophospholipid_metabolism|Evalue:3.8e-97|gene:000000179	42
ooe:OEOE_0740|no_gene_symbols|Mg2+_transporter|K07507|no_pathway_id|Evalue:1.3e-35|gene:000000180	45
cno:NT01CX_1005|no_gene_symbols|HAD_family_hydrolase|no_ko_id|no_pathway_id|Evalue:2.2e-32|gene:000000181	38
tva:TVAG_189150|no_gene_symbols|Immuno-dominant_variable_surface_antigen-like|no_ko_id|no_pathway_id|Evalue:2.1e-27|gene:000000182	63
pmw:B2K_18470|no_gene_symbols|transcriptional_regulator|no_ko_id|no_pathway_id|Evalue:2.1e-60|gene:000000183	36
bbru:Bbr_0310|lacZ3|Beta-galactosidase_(EC:3.2.1.23)|no_ko_id|no_pathway_id|Evalue:3.2e-131|gene:000000184	57
acl:ACL_1067|no_gene_symbols|ABC_transporter_permease|K10201|ABC_transporters|Evalue:1.1e-32|gene:000000185	57
acl:ACL_1066|no_gene_symbols|ABC_transporter_permease|K10202|ABC_transporters|Evalue:1.4e-53|gene:000000186	60
k127_382742|flag=0|multi=31.4544|len=101591_27|#|35361|#|36716|#|1|#|ID=9_27;partial=00;start_type=ATG;rbs_motif=GGAGG;rbs_spacer=5-10bp;gc_cont=0.476|unknown:000000043	57
k127_382742|flag=0|multi=31.4544|len=101591_28|#|36738|#|38309|#|1|#|ID=9_28;partial=00;start_type=ATG;rbs_motif=AGGAGG;rbs_spacer=5-10bp;gc_cont=0.515|unknown:000000044	64
k127_382742|flag=0|multi=31.4544|len=101591_29|#|38331|#|42428|#|1|#|ID=9_29;partial=00;start_type=ATG;rbs_motif=GGA/GAG/AGG;rbs_spacer=5-10bp;gc_cont=0.494|unknown:000000045	67
pjd:Pjdr2_2566|no_gene_symbols|ADP-ribosylation/crystallin_J1|K05521|no_pathway_id|Evalue:3.0e-120|gene:000000187	51
rsq:Rsph17025_3480|no_gene_symbols|H+/gluconate_symporter_and_related_permease-like_protein|no_ko_id|no_pathway_id|Evalue:1.2e-08|gene:000000188	48
gym:GYMC10_4876|no_gene_symbols|hypothetical_protein|K06167|Phosphonate_and_phosphinate_metabolism|Evalue:1.9e-41|gene:000000189	54
css:Cst_c10640|no_gene_symbols|putative_trehalase_/_alfa-L-rhamnosidase_/_mannosyl_oligosaccharide_glucosidase|no_ko_id|no_pathway_id|Evalue:1.1e-80|gene:000000190	48
rba:RB343|no_gene_symbols|hypothetical_protein|no_ko_id|no_pathway_id|Evalue:9.4e-26|gene:000000191	33
dth:DICTH_1949|no_gene_symbols|thermostable_beta-glucosidase_B_(EC:3.2.1.21)|K05349|Cyanoamino_acid_metabolism;Starch_and_sucrose_metabolism;Phenylpropanoid_biosynthesis;Metabolic_pathways;Biosynthesis_of_secondary_metabolites|Evalue:5.0e-128|gene:000000192	51
fpa:FPR_25530|no_gene_symbols|Sugar_(pentulose_and_hexulose)_kinases_(EC:2.7.1.5)|K00848|Pentose_and_glucuronate_interconversions;Fructose_and_mannose_metabolism|Evalue:8.9e-134|gene:000000193	48
eel:EUBELI_20223|no_gene_symbols|L-rhamnose_isomerase|K01813|Fructose_and_mannose_metabolism|Evalue:2.8e-153|gene:000000194	58
eel:EUBELI_20222|no_gene_symbols|rhamnulose-1-phosphate_aldolase|K01629|Pentose_and_glucuronate_interconversions;Fructose_and_mannose_metabolism|Evalue:2.8e-130|gene:000000195	32
k127_382742|flag=0|multi=31.4544|len=101591_39|#|53191|#|53907|#|1|#|ID=9_39;partial=00;start_type=ATG;rbs_motif=None;rbs_spacer=None;gc_cont=0.298|unknown:000000046	22
cle:Clole_3458|no_gene_symbols|cof_family_hydrolase|K07024|no_pathway_id|Evalue:3.4e-62|gene:000000196	36
k127_382742|flag=0|multi=31.4544|len=101591_41|#|55809|#|56105|#|-1|#|ID=9_41;partial=00;start_type=ATG;rbs_motif=None;rbs_spacer=None;gc_cont=0.444|unknown:000000047	23
css:Cst_c21220|purH|bifunctional_purine_biosynthesis_protein_PurH_(EC:2.1.2.3_3.5.4.10)|K00602|Purine_metabolism;One_carbon_pool_by_folate;Metabolic_pathways;Biosynthesis_of_secondary_metabolites|Evalue:2.7e-99|gene:000000197	50
cpy:Cphy_3112|no_gene_symbols|serine_dehydratase_alpha_chain|K01752|Glycine,_serine,_and_threonine_metabolism;Cysteine_and_methionine_metabolism;Metabolic_pathways;Biosynthesis_of_secondary_metabolites;Carbon_metabolism;Biosynthesis_of_amino_acids|Evalue:3.9e-112|gene:000000198	50
rum:CK1_16840|no_gene_symbols|hypothetical_protein|no_ko_id|no_pathway_id|Evalue:4.0e-19|gene:000000199	25
k127_382742|flag=0|multi=31.4544|len=101591_45|#|59389|#|59913|#|-1|#|ID=9_45;partial=00;start_type=ATG;rbs_motif=AGGA;rbs_spacer=5-10bp;gc_cont=0.434|unknown:000000048	47
mas:Mahau_0967|no_gene_symbols|hypothetical_protein|no_ko_id|no_pathway_id|Evalue:3.8e-16|gene:000000200	15
k127_382742|flag=0|multi=31.4544|len=101591_47|#|60402|#|61118|#|1|#|ID=9_47;partial=00;start_type=ATG;rbs_motif=GGAGG;rbs_spacer=5-10bp;gc_cont=0.520|unknown:000000049	22
ttm:Tthe_1327|no_gene_symbols|NUDIX_hydrolase|K01515|Purine_metabolism|Evalue:3.6e-41|gene:000000201	25
esu:EUS_09090|no_gene_symbols|Acetyltransferases_including_N-acetylases_of_ribosomal_proteins|no_ko_id|no_pathway_id|Evalue:2.4e-05|gene:000000202	62
k127_382742|flag=0|multi=31.4544|len=101591_50|#|62706|#|62912|#|-1|#|ID=9_50;partial=00;start_type=ATG;rbs_motif=AGGAG;rbs_spacer=5-10bp;gc_cont=0.551|unknown:000000050	8
esu:EUS_26900|no_gene_symbols|Thiamine_transporter_protein_(Thia_YuaJ).|no_ko_id|no_pathway_id|Evalue:3.2e-21|gene:000000203	43
slp:Slip_0144|no_gene_symbols|Baf_family_transcriptional_activator_(EC:2.7.1.33)|K03525|Pantothenate_and_CoA_biosynthesis;Metabolic_pathways|Evalue:1.5e-67|gene:000000204	35
cth:Cthe_0290|no_gene_symbols|homoserine_dehydrogenase_(EC:1.1.1.3)|K00003|Glycine,_serine,_and_threonine_metabolism;Cysteine_and_methionine_metabolism;Lysine_biosynthesis;Metabolic_pathways;Biosynthesis_of_secondary_metabolites;Microbial_metabolism_in_diverse_environments;Biosynthesis_of_amino_acids|Evalue:1.1e-109|gene:000000205	50
cle:Clole_1457|no_gene_symbols|RimK_family_alpha-L-glutamate_ligase|K05844|no_pathway_id|Evalue:1.4e-45|gene:000000206	38
k127_382742|flag=0|multi=31.4544|len=101591_55|#|66977|#|67564|#|1|#|ID=9_55;partial=00;start_type=ATG;rbs_motif=GGA/GAG/AGG;rbs_spacer=5-10bp;gc_cont=0.437|unknown:000000051	38
cdc:CD196_2995|no_gene_symbols|hypothetical_protein|no_ko_id|no_pathway_id|Evalue:2.8e-65|gene:000000207	50
ttm:Tthe_2364|no_gene_symbols|leucyl-tRNA_synthetase|K01869|Aminoacyl-tRNA_biosynthesis|Evalue:0.0e+00|gene:000000208	55
k127_382742|flag=0|multi=31.4544|len=101591_58|#|70763|#|71458|#|1|#|ID=9_58;partial=00;start_type=GTG;rbs_motif=None;rbs_spacer=None;gc_cont=0.470|unknown:000000052	29
k127_382742|flag=0|multi=31.4544|len=101591_59|#|71776|#|71994|#|-1|#|ID=9_59;partial=00;start_type=ATG;rbs_motif=GGAG/GAGG;rbs_spacer=5-10bp;gc_cont=0.429|unknown:000000053	24
cso:CLS_28600|no_gene_symbols|threonyl-tRNA_synthetase/Ser-tRNA(Thr)_hydrolase_(EC:3.1.1.-_6.1.1.3)|K01868|Aminoacyl-tRNA_biosynthesis|Evalue:3.5e-264|gene:000000209	42
csc:Csac_1769|no_gene_symbols|translation_initiation_factor_IF-3|K02520|no_pathway_id|Evalue:1.3e-41|gene:000000210	25
clo:HMPREF0868_1314|rpmI|50S_ribosomal_protein_L35|K02916|Ribosome|Evalue:1.1e-11|gene:000000211	12
cct:CC1_33270|no_gene_symbols|LSU_ribosomal_protein_L20P|K02887|Ribosome|Evalue:5.3e-33|gene:000000212	25
cth:Cthe_1222|no_gene_symbols|RNA_methyltransferase|K03437|no_pathway_id|Evalue:1.0e-33|gene:000000213	30
cbb:CLD_1467|no_gene_symbols|hypothetical_protein|no_ko_id|no_pathway_id|Evalue:1.4e-72|gene:000000214	47
bpb:bpr_I1324|proA|gamma-glutamyl_phosphate_reductase_ProA_(EC:1.2.1.41)|K00147|Arginine_and_proline_metabolism;Metabolic_pathways;Biosynthesis_of_amino_acids|Evalue:3.4e-119|gene:000000215	34
k127_382742|flag=0|multi=31.4544|len=101591_67|#|78354|#|79277|#|1|#|ID=9_67;partial=00;start_type=ATG;rbs_motif=None;rbs_spacer=None;gc_cont=0.525|unknown:000000054	34
hhl:Halha_1767|no_gene_symbols|UDP-N-acetylenolpyruvoylglucosamine_reductase|K00075|Amino_sugar_and_nucleotide_sugar_metabolism;Peptidoglycan_biosynthesis;Metabolic_pathways|Evalue:5.6e-39|gene:000000216	38
cst:CLOST_1658|no_gene_symbols|putative_phosphoesterase|K04477|no_pathway_id|Evalue:1.2e-34|gene:000000217	48
tsh:Tsac_1357|no_gene_symbols|sporulation_transcriptional_regulator_whiA|K09762|no_pathway_id|Evalue:8.6e-35|gene:000000218	33
mas:Mahau_1867|no_gene_symbols|DNA_polymerase_III_catalytic_subunit_DnaE_type_(EC:2.7.7.7)|K02337|Purine_metabolism;Pyrimidine_metabolism;Metabolic_pathways;DNA_replication;Mismatch_repair;Homologous_recombination|Evalue:1.0e-288|gene:000000219	60
csr:Cspa_c55060|pfkA2|6-phosphofructokinase_PfkA_(EC:2.7.1.11)|K00850|Glycolysis/Gluconeogenesis;Pentose_phosphate_pathway;Fructose_and_mannose_metabolism;Galactose_metabolism;Methane_metabolism;Metabolic_pathways;Biosynthesis_of_secondary_metabolites;Microbial_metabolism_in_diverse_environments;Carbon_metabolism;Biosynthesis_of_amino_acids|Evalue:1.6e-103|gene:000000220	44
amt:Amet_0826|no_gene_symbols|1-phosphofructokinase_(EC:2.7.1.56)|K00882|Fructose_and_mannose_metabolism|Evalue:1.9e-42|gene:000000221	43
cth:Cthe_0905|no_gene_symbols|metal_dependent_phosphohydrolase|K09163|no_pathway_id|Evalue:1.2e-65|gene:000000222	26
ral:Rumal_1852|no_gene_symbols|anaerobic_ribonucleoside-triphosphate_reductase_(EC:1.17.4.2)|K00527|Purine_metabolism;Pyrimidine_metabolism;Metabolic_pathways|Evalue:0.0e+00|gene:000000223	58
bprs:CK3_21370|no_gene_symbols|anaerobic_ribonucleoside-triphosphate_reductase_activating_protein_(EC:1.97.1.4)|K04068|no_pathway_id|Evalue:4.4e-68|gene:000000224	45
esu:EUS_04300|no_gene_symbols|Leucyl_aminopeptidase_(aminopeptidase_T)_(EC:3.4.11.-)|no_ko_id|no_pathway_id|Evalue:9.0e-104|gene:000000225	40
cpy:Cphy_2883|no_gene_symbols|cobalamin_synthesis_protein_P47K|no_ko_id|no_pathway_id|Evalue:4.2e-86|gene:000000226	37
ral:Rumal_2902|no_gene_symbols|hypothetical_protein|no_ko_id|no_pathway_id|Evalue:1.7e-78|gene:000000227	49
elm:ELI_2653|no_gene_symbols|hypothetical_protein|K03499|no_pathway_id|Evalue:2.1e-101|gene:000000228	49
eel:EUBELI_01578|no_gene_symbols|trk_system_potassium_uptake_protein_TrkH|K03498|no_pathway_id|Evalue:1.1e-111|gene:000000229	48
rsq:Rsph17025_1321|no_gene_symbols|RNA-directed_DNA_polymerase|no_ko_id|no_pathway_id|Evalue:1.3e-43|gene:000000230	60
k127_382742|flag=0|multi=31.4544|len=101591_83|#|98696|#|99229|#|1|#|ID=9_83;partial=00;start_type=ATG;rbs_motif=GGAGG;rbs_spacer=3-4bp;gc_cont=0.478|unknown:000000055	23
k127_382742|flag=0|multi=31.4544|len=101591_84|#|100652|#|101293|#|-1|#|ID=9_84;partial=00;start_type=TTG;rbs_motif=GGA/GAG/AGG;rbs_spacer=5-10bp;gc_cont=0.502|unknown:000000056	55
k127_397264|flag=1|multi=29.0000|len=52233_1|#|1|#|429|#|-1|#|ID=10_1;partial=00;start_type=ATG;rbs_motif=None;rbs_spacer=None;gc_cont=0.450|unknown:000000057	27
clc:Calla_0302|no_gene_symbols|integrase_family_protein|K04763|no_pathway_id|Evalue:1.8e-24|gene:000000231	34
tpd:Teth39_0060|no_gene_symbols|Type_IV_secretory_pathway_VirB4_components-like_protein|no_ko_id|no_pathway_id|Evalue:1.8e-56|gene:000000232	60
k127_397264|flag=1|multi=29.0000|len=52233_4|#|4388|#|6091|#|-1|#|ID=10_4;partial=00;start_type=ATG;rbs_motif=GGxGG;rbs_spacer=5-10bp;gc_cont=0.515|unknown:000000058	58
k127_397264|flag=1|multi=29.0000|len=52233_5|#|6088|#|6426|#|-1|#|ID=10_5;partial=00;start_type=ATG;rbs_motif=AGGAG;rbs_spacer=5-10bp;gc_cont=0.528|unknown:000000059	27
bbe:BBR47_51990|no_gene_symbols|hypothetical_protein|no_ko_id|no_pathway_id|Evalue:2.1e-05|gene:000000233	67
scr:SCHRY_v1c09270|virD42|type_IV_secretion_system_protein_VirD4|K03205|Bacterial_secretion_system|Evalue:1.0e-44|gene:000000234	47
k127_397264|flag=1|multi=29.0000|len=52233_8|#|13791|#|14285|#|-1|#|ID=10_8;partial=00;start_type=ATG;rbs_motif=AGGA;rbs_spacer=5-10bp;gc_cont=0.505|unknown:000000060	31
nit:NAL212_0140|no_gene_symbols|hypothetical_protein|no_ko_id|no_pathway_id|Evalue:1.4e-33|gene:000000235	56
k127_397264|flag=1|multi=29.0000|len=52233_10|#|17517|#|17699|#|-1|#|ID=10_10;partial=00;start_type=ATG;rbs_motif=AGGAG;rbs_spacer=5-10bp;gc_cont=0.421|unknown:000000061	6
k127_397264|flag=1|multi=29.0000|len=52233_11|#|17985|#|18332|#|-1|#|ID=10_11;partial=00;start_type=ATG;rbs_motif=AGGAG;rbs_spacer=5-10bp;gc_cont=0.428|unknown:000000062	36
k127_397264|flag=1|multi=29.0000|len=52233_12|#|18447|#|18716|#|-1|#|ID=10_12;partial=00;start_type=ATG;rbs_motif=GGAGG;rbs_spacer=5-10bp;gc_cont=0.530|unknown:000000063	15
sus:Acid_0016|no_gene_symbols|chromosome_segregation_ATPase|K03496|no_pathway_id|Evalue:1.2e-32|gene:000000236	35
k127_397264|flag=1|multi=29.0000|len=52233_14|#|19785|#|20186|#|-1|#|ID=10_14;partial=00;start_type=ATG;rbs_motif=AGGA;rbs_spacer=5-10bp;gc_cont=0.470|unknown:000000064	24
csr:Cspa_c08150|agaR1|alpha-galactosidase_1_(EC:3.2.1.22)|K07407|Galactose_metabolism;Glycerolipid_metabolism;Sphingolipid_metabolism;Glycosphingolipid_biosynthesis-globo_series|Evalue:2.3e-187|gene:000000237	46
csd:Clst_2189|galK|GalK_(EC:2.7.1.6)|K00849|Galactose_metabolism;Amino_sugar_and_nucleotide_sugar_metabolism;Metabolic_pathways;Biosynthesis_of_secondary_metabolites|Evalue:4.7e-91|gene:000000238	48
bbru:Bbr_1884|galT2|Galactose-1-phosphate_uridylyltransferase_(EC:2.7.7.10)|K00965|Galactose_metabolism;Amino_sugar_and_nucleotide_sugar_metabolism;Metabolic_pathways;Biosynthesis_of_secondary_metabolites;Prolactin_signaling_pathway|Evalue:2.9e-149|gene:000000239	43
csd:Clst_0238|no_gene_symbols|DNA-binding_domain-containing_protein|no_ko_id|no_pathway_id|Evalue:3.8e-16|gene:000000240	54
ere:EUBREC_3540|no_gene_symbols|hypothetical_protein|no_ko_id|no_pathway_id|Evalue:1.5e-10|gene:000000241	9
esr:ES1_02480|no_gene_symbols|Predicted_transcriptional_regulators|no_ko_id|no_pathway_id|Evalue:5.9e-36|gene:000000242	29
k127_397264|flag=1|multi=29.0000|len=52233_21|#|28217|#|29578|#|-1|#|ID=10_21;partial=00;start_type=ATG;rbs_motif=GGAGG;rbs_spacer=5-10bp;gc_cont=0.529|unknown:000000065	48
rto:RTO_26890|no_gene_symbols|UDP-galactose_4-epimerase_(EC:5.1.3.2)|K01784|Galactose_metabolism;Amino_sugar_and_nucleotide_sugar_metabolism;Metabolic_pathways;Biosynthesis_of_secondary_metabolites|Evalue:2.8e-135|gene:000000243	41
mas:Mahau_0663|no_gene_symbols|adenylosuccinate_lyase|K01756|Purine_metabolism;Alanine,_aspartate,_and_glutamate_metabolism;Metabolic_pathways;Biosynthesis_of_secondary_metabolites|Evalue:3.7e-173|gene:000000244	45
apr:Apre_0441|no_gene_symbols|peptidyl-prolyl_isomerase_(EC:5.2.1.8)|K03768|no_pathway_id|Evalue:4.7e-70|gene:000000245	43
din:Selin_1094|no_gene_symbols|CMP/dCMP_deaminase_zinc-binding_protein|K01493|Pyrimidine_metabolism;Metabolic_pathways|Evalue:1.3e-49|gene:000000246	51
amt:Amet_0833|groES|co-chaperonin_GroES|K04078|no_pathway_id|Evalue:1.1e-28|gene:000000247	24
cth:Cthe_2892|groEL|chaperonin_GroEL|K04077|RNA_degradation;Type_I_diabetes_mellitus;Legionellosis;Tuberculosis|Evalue:1.7e-214|gene:000000248	39
bth:BT_1384|no_gene_symbols|hypothetical_protein|no_ko_id|no_pathway_id|Evalue:7.9e-28|gene:000000249	34
chy:CHY_2060|ftsZ|cell_division_protein_FtsZ|K03531|Cell_cycle-Caulobacter|Evalue:3.1e-104|gene:000000250	45
k127_397264|flag=1|multi=29.0000|len=52233_30|#|37731|#|38882|#|-1|#|ID=10_30;partial=00;start_type=ATG;rbs_motif=AGGA;rbs_spacer=5-10bp;gc_cont=0.532|unknown:000000066	43
k127_397264|flag=1|multi=29.0000|len=52233_31|#|39029|#|39832|#|-1|#|ID=10_31;partial=00;start_type=ATG;rbs_motif=GGAG/GAGG;rbs_spacer=5-10bp;gc_cont=0.496|unknown:000000067	25
tto:Thethe_01775|no_gene_symbols|UDP-N-acetylglucosamine_1-carboxyvinyltransferase|K00790|Amino_sugar_and_nucleotide_sugar_metabolism;Peptidoglycan_biosynthesis;Metabolic_pathways|Evalue:2.9e-118|gene:000000251	43
tte:TTE1646|FtsW2|cell_division_membrane_protein|K03588|Cell_cycle-Caulobacter|Evalue:1.2e-75|gene:000000252	46
pth:PTH_1863|murD|UDP-N-acetylmuramoyl-L-alanyl-D-glutamate_synthetase|K01925|D-Glutamine_and_D-glutamate_metabolism;Peptidoglycan_biosynthesis;Metabolic_pathways|Evalue:4.5e-83|gene:000000253	49
tte:TTE1648|mraY|phospho-N-acetylmuramoyl-pentapeptide-transferase|K01000|Peptidoglycan_biosynthesis;Metabolic_pathways|Evalue:5.8e-50|gene:000000254	37
tco:Theco_2322|no_gene_symbols|UDP-N-acetylmuramyl_tripeptide_synthetase|K01928|Lysine_biosynthesis;Peptidoglycan_biosynthesis|Evalue:8.6e-106|gene:000000255	51
aoe:Clos_1373|no_gene_symbols|peptidoglycan_glycosyltransferase_(EC:2.4.1.129)|K08384|no_pathway_id|Evalue:1.1e-107|gene:000000256	56
k127_397264|flag=1|multi=29.0000|len=52233_38|#|48101|#|48895|#|-1|#|ID=10_38;partial=00;start_type=ATG;rbs_motif=AGGAG;rbs_spacer=5-10bp;gc_cont=0.561|unknown:000000068	46
cls:CXIVA_02590|no_gene_symbols|hypothetical_protein|K03438|no_pathway_id|Evalue:6.4e-78|gene:000000257	40
cbl:CLK_0934|mraZ|cell_division_protein_MraZ|K03925|no_pathway_id|Evalue:3.3e-19|gene:000000258	27
lrm:LRC_09390|murI|glutamate_racemase|K01776|D-Glutamine_and_D-glutamate_metabolism;Metabolic_pathways|Evalue:5.6e-36|gene:000000259	35
cpf:CPF_2299|rpsT|30S_ribosomal_protein_S20|K02968|Ribosome|Evalue:5.8e-16|gene:000000260	10
k127_397264|flag=1|multi=29.0000|len=52233_43|#|52042|#|52233|#|-1|#|ID=10_43;partial=01;start_type=Edge;rbs_motif=None;rbs_spacer=None;gc_cont=0.411|unknown:000000069	79
k127_430243|flag=0|multi=31.2540|len=70232_1|#|1|#|123|#|1|#|ID=11_1;partial=10;start_type=Edge;rbs_motif=None;rbs_spacer=None;gc_cont=0.488|unknown:000000070	7
twi:Thewi_1270|no_gene_symbols|stage_V_sporulation_protein_AD|K06406|no_pathway_id|Evalue:6.6e-97|gene:000000261	51
cle:Clole_2535|no_gene_symbols|stage_V_sporulation_protein_AE|K06407|no_pathway_id|Evalue:2.9e-16|gene:000000262	16
ccl:Clocl_1101|no_gene_symbols|hypothetical_protein|no_ko_id|no_pathway_id|Evalue:1.7e-45|gene:000000263	32
cpe:CPE0727|no_gene_symbols|hypothetical_protein|no_ko_id|no_pathway_id|Evalue:3.5e-16|gene:000000264	35
aoe:Clos_1787|no_gene_symbols|sporulation_protein_YunB|no_ko_id|no_pathway_id|Evalue:1.5e-29|gene:000000265	47
cbl:CLK_2146|murG|undecaprenyldiphospho-muramoylpentapeptide_beta-N-acetylglucosaminyltransferase_(EC:2.4.1.227)|K02563|Peptidoglycan_biosynthesis;Metabolic_pathways;Cell_cycle-Caulobacter|Evalue:5.7e-67|gene:000000266	34
lsp:Bsph_0367|yobV|hypothetical_protein|no_ko_id|no_pathway_id|Evalue:2.3e-35|gene:000000267	29
k127_430243|flag=0|multi=31.2540|len=70232_9|#|6716|#|6913|#|1|#|ID=11_9;partial=00;start_type=ATG;rbs_motif=AGGAG;rbs_spacer=5-10bp;gc_cont=0.545|unknown:000000071	13
cbl:CLK_2740|tyrS|tyrosyl-tRNA_synthetase_(EC:6.1.1.1)|K01866|Aminoacyl-tRNA_biosynthesis|Evalue:8.1e-142|gene:000000268	48
lpj:JDM1_0605|no_gene_symbols|hypothetical_protein|no_ko_id|no_pathway_id|Evalue:3.0e-34|gene:000000269	17
axl:AXY_13380|ilvE|branched-chain_amino_acid_aminotransferase_(EC:2.6.1.42)|K00826|Valine,_leucine_and_isoleucine_degradation;Valine,_leucine_and_isoleucine_biosynthesis;Pantothenate_and_CoA_biosynthesis;Metabolic_pathways;Biosynthesis_of_secondary_metabolites;2-Oxocarboxylic_acid_metabolism;Biosynthesis_of_amino_acids|Evalue:1.8e-108|gene:000000270	55
fpr:FP2_22980|no_gene_symbols|ATP-dependent_chaperone_ClpB|K03695|no_pathway_id|Evalue:0.0e+00|gene:000000271	41
dgi:Desgi_1257|no_gene_symbols|nucleotidyltransferase_family_protein|no_ko_id|no_pathway_id|Evalue:3.8e-64|gene:000000272	57
cst:CLOST_0061|no_gene_symbols|putative_S-adenosylmethionine-dependent_methyltransferase|no_ko_id|no_pathway_id|Evalue:3.3e-35|gene:000000273	54
bprs:CK3_17450|no_gene_symbols|Plasmid_recombination_enzyme.|no_ko_id|no_pathway_id|Evalue:1.7e-07|gene:000000274	91
k127_430243|flag=0|multi=31.2540|len=70232_17|#|16418|#|16636|#|1|#|ID=11_17;partial=00;start_type=ATG;rbs_motif=GGAGG;rbs_spacer=5-10bp;gc_cont=0.406|unknown:000000072	52
ckl:CKL_3232|no_gene_symbols|hypothetical_protein|no_ko_id|no_pathway_id|Evalue:1.8e-155|gene:000000275	190
aoe:Clos_1601|no_gene_symbols|regulatory_protein_RecX|K03565|no_pathway_id|Evalue:1.8e-12|gene:000000276	37
thm:CL1_1807|no_gene_symbols|biotin-protein_ligase|K03524|Biotin_metabolism;Metabolic_pathways|Evalue:1.5e-20|gene:000000277	35
tto:Thethe_00526|no_gene_symbols|yjeF-like_protein_hydroxyethylthiazole_kinase-related_protein|no_ko_id|no_pathway_id|Evalue:9.1e-63|gene:000000278	60
k127_430243|flag=0|multi=31.2540|len=70232_22|#|21851|#|22606|#|-1|#|ID=11_22;partial=00;start_type=ATG;rbs_motif=None;rbs_spacer=None;gc_cont=0.511|unknown:000000073	39
sfc:Spiaf_1881|no_gene_symbols|nicotinate/nicotinamide_nucleotide_adenylyltransferase|K00969|Nicotinate_and_nicotinamide_metabolism;Metabolic_pathways|Evalue:1.2e-30|gene:000000279	59
dru:Desru_1056|no_gene_symbols|iojap_family_protein|K09710|no_pathway_id|Evalue:6.5e-23|gene:000000280	30
ral:Rumal_2981|no_gene_symbols|GTP-binding_protein_TypA|K06207|no_pathway_id|Evalue:3.3e-259|gene:000000281	55
rob:CK5_26570|no_gene_symbols|Uncharacterized_conserved_protein_contains_S4-like_domain|no_ko_id|no_pathway_id|Evalue:9.1e-35|gene:000000282	33
k127_430243|flag=0|multi=31.2540|len=70232_27|#|27544|#|27801|#|1|#|ID=11_27;partial=00;start_type=ATG;rbs_motif=None;rbs_spacer=None;gc_cont=0.492|unknown:000000074	27
k127_430243|flag=0|multi=31.2540|len=70232_28|#|27798|#|28190|#|1|#|ID=11_28;partial=00;start_type=ATG;rbs_motif=None;rbs_spacer=None;gc_cont=0.445|unknown:000000075	23
k127_430243|flag=0|multi=31.2540|len=70232_29|#|28139|#|28408|#|1|#|ID=11_29;partial=00;start_type=ATG;rbs_motif=AGxAGG/AGGxGG;rbs_spacer=5-10bp;gc_cont=0.444|unknown:000000076	25
twi:Thewi_2450|no_gene_symbols|Ppx/GppA_phosphatase|K01524|Purine_metabolism|Evalue:7.9e-38|gene:000000283	41
k127_430243|flag=0|multi=31.2540|len=70232_31|#|29271|#|30371|#|1|#|ID=11_31;partial=00;start_type=ATG;rbs_motif=GGAGG;rbs_spacer=5-10bp;gc_cont=0.532|unknown:000000077	53
fpa:FPR_10930|no_gene_symbols|SOS-response_transcriptional_repressors_(RecA-mediated_autopeptidases)|no_ko_id|no_pathway_id|Evalue:3.3e-09|gene:000000284	18
bprl:CL2_09330|no_gene_symbols|Protein-tyrosine-phosphatase_(EC:3.1.3.48)|K01104|no_pathway_id|Evalue:1.7e-47|gene:000000285	41
rch:RUM_10430|no_gene_symbols|hypothetical_protein|K09955|no_pathway_id|Evalue:1.0e-201|gene:000000286	67
ddl:Desdi_2397|no_gene_symbols|Mn-dependent_transcriptional_regulator|no_ko_id|no_pathway_id|Evalue:5.2e-28|gene:000000287	22
ral:Rumal_1163|no_gene_symbols|uracil-xanthine_permease|K02824|no_pathway_id|Evalue:8.3e-133|gene:000000288	58
ttm:Tthe_2529|no_gene_symbols|uracil_phosphoribosyltransferase|K00761|Pyrimidine_metabolism;Metabolic_pathways|Evalue:1.9e-68|gene:000000289	45
ccb:Clocel_3696|no_gene_symbols|putative_cinnamoyl_ester_hydrolase|K06889|no_pathway_id|Evalue:3.0e-62|gene:000000290	41
cct:CC1_14250|no_gene_symbols|3-phosphoshikimate_1-carboxyvinyltransferase_(EC:2.5.1.19)|K00800|Phenylalanine,_tyrosine,_and_tryptophan_biosynthesis;Metabolic_pathways;Biosynthesis_of_secondary_metabolites;Biosynthesis_of_amino_acids|Evalue:2.9e-89|gene:000000291	45
chy:CHY_0833|no_gene_symbols|hypothetical_protein|K07043|no_pathway_id|Evalue:1.0e-26|gene:000000292	50
cso:CLS_19120|no_gene_symbols|510-methylenetetrahydrofolate_reductase_prokaryotic_form_(EC:1.5.1.20)|K00297|One_carbon_pool_by_folate;Carbon_fixation_pathways_in_prokaryotes;Metabolic_pathways;Microbial_metabolism_in_diverse_environments;Carbon_metabolism|Evalue:3.7e-93|gene:000000293	46
csh:Closa_2453|no_gene_symbols|Vitamin_B12_dependent_methionine_synthase_activation_subunit|no_ko_id|no_pathway_id|Evalue:1.4e-34|gene:000000294	38
csh:Closa_2452|no_gene_symbols|homocysteine_S-methyltransferase|K00548|Cysteine_and_methionine_metabolism;Selenocompound_metabolism;One_carbon_pool_by_folate;Metabolic_pathways;Biosynthesis_of_secondary_metabolites;Biosynthesis_of_amino_acids|Evalue:3.6e-234|gene:000000295	43
rch:RUM_11700|no_gene_symbols|Prephenate_dehydrogenase_(EC:1.3.1.12)|K04517|Phenylalanine,_tyrosine,_and_tryptophan_biosynthesis;Novobiocin_biosynthesis;Metabolic_pathways;Biosynthesis_of_secondary_metabolites;Biosynthesis_of_amino_acids|Evalue:1.1e-49|gene:000000296	46
k127_430243|flag=0|multi=31.2540|len=70232_45|#|44087|#|44473|#|1|#|ID=11_45;partial=00;start_type=ATG;rbs_motif=None;rbs_spacer=None;gc_cont=0.501|unknown:000000078	37
tae:TEPIRE1_28330|no_gene_symbols|Zn-dependent_hydrolases_of_the_metallo-beta-lactamase_superfamily|no_ko_id|no_pathway_id|Evalue:7.7e-46|gene:000000297	40
cst:CLOST_2137|rho|transcription_termination_factor|K03628|RNA_degradation|Evalue:2.3e-98|gene:000000298	48
ral:Rumal_2867|no_gene_symbols|ROK_family_glucokinase|K00845|Glycolysis/Gluconeogenesis;Galactose_metabolism;Starch_and_sucrose_metabolism;Amino_sugar_and_nucleotide_sugar_metabolism;Streptomycin_biosynthesis;Butirosin_and_neomycin_biosynthesis;Metabolic_pathways;Biosynthesis_of_secondary_metabolites;Microbial_metabolism_in_diverse_environments;Carbon_metabolism|Evalue:1.4e-75|gene:000000299	48
bbe:BBR47_49160|no_gene_symbols|transcriptional_regulator|no_ko_id|no_pathway_id|Evalue:1.2e-26|gene:000000300	59
drm:Dred_1834|no_gene_symbols|binding-protein-dependent_transport_system_inner_membrane_protein|K02050|no_pathway_id|Evalue:1.3e-69|gene:000000301	49
csh:Closa_2987|no_gene_symbols|ABC_transporter|K02049|no_pathway_id|Evalue:1.6e-71|gene:000000302	33
ctx:Clo1313_0162|no_gene_symbols|hypothetical_protein|K02051|no_pathway_id|Evalue:2.2e-84|gene:000000303	43
tit:Thit_0735|no_gene_symbols|valyl-tRNA_synthetase|K01873|Aminoacyl-tRNA_biosynthesis|Evalue:0.0e+00|gene:000000304	54
cth:Cthe_0422|no_gene_symbols|redox-sensing_transcriptional_repressor_Rex|K01926|no_pathway_id|Evalue:8.7e-47|gene:000000305	26
cth:Cthe_0423|no_gene_symbols|bifunctional_acetaldehyde-CoA/alcohol_dehydrogenase|K04072|Glycolysis/Gluconeogenesis;Fatty_acid_degradation;Tyrosine_metabolism;Benzoate_degradation;Pyruvate_metabolism;Dioxin_degradation;Xylene_degradation;Chloroalkane_and_chloroalkene_degradation;Naphthalene_degradation;Butanoate_metabolism;Metabolic_pathways;Biosynthesis_of_secondary_metabolites;Microbial_metabolism_in_diverse_environments;Degradation_of_aromatic_compounds|Evalue:0.0e+00|gene:000000306	56
rob:CK5_28550|no_gene_symbols|Iron_only_hydrogenase_large_subunit_C-terminal_domain_(EC:1.12.7.2)|no_ko_id|no_pathway_id|Evalue:1.7e-165|gene:000000307	52
txy:Thexy_2387|no_gene_symbols|50S_ribosomal_protein_L9|K02939|Ribosome|Evalue:4.1e-30|gene:000000308	15
k127_430243|flag=0|multi=31.2540|len=70232_58|#|61635|#|61796|#|1|#|ID=11_58;partial=00;start_type=ATG;rbs_motif=AGGAG;rbs_spacer=5-10bp;gc_cont=0.469|unknown:000000079	2
k127_430243|flag=0|multi=31.2540|len=70232_59|#|62048|#|62221|#|1|#|ID=11_59;partial=00;start_type=ATG;rbs_motif=AGGAG;rbs_spacer=5-10bp;gc_cont=0.494|unknown:000000080	8
ppy:PPE_00538|no_gene_symbols|NTP_pyrophosphohydrolase_containing_a_Zn-finger_probably_nucleic-acid-binding|K03426|Nicotinate_and_nicotinamide_metabolism;Peroxisome|Evalue:6.3e-32|gene:000000309	29
css:Cst_c17860|purA|adenylosuccinate_synthetase_PurA_(EC:6.3.4.4)|K01939|Purine_metabolism;Alanine,_aspartate,_and_glutamate_metabolism;Metabolic_pathways|Evalue:1.2e-164|gene:000000310	52
rbr:RBR_01370|no_gene_symbols|carbamoyl-phosphate_synthase_large_subunit_(EC:6.3.5.5)|K01955|Pyrimidine_metabolism;Alanine,_aspartate,_and_glutamate_metabolism;Metabolic_pathways|Evalue:2.1e-96|gene:000000311	42
sgp:SpiGrapes_1815|no_gene_symbols|CTP_synthase|K01937|Pyrimidine_metabolism;Metabolic_pathways|Evalue:9.9e-220|gene:000000312	60
fpr:FP2_15790|no_gene_symbols|LL-diaminopimelate_aminotransferase_apoenzyme_(EC:2.6.1.83)|K10206|Lysine_biosynthesis;Metabolic_pathways;Biosynthesis_of_secondary_metabolites;Biosynthesis_of_amino_acids|Evalue:7.8e-153|gene:000000313	52
rix:RO1_10860|no_gene_symbols|4-alpha-glucanotransferase_(EC:2.4.1.25)|K00705|Starch_and_sucrose_metabolism;Metabolic_pathways|Evalue:5.8e-129|gene:000000314	63
pah:Poras_0830|no_gene_symbols|Large-conductance_mechanosensitive_channel|K03282|no_pathway_id|Evalue:2.6e-23|gene:000000315	34
